NEPOCH: 69 
SNTYPE: Ib 
FILTER:  a  $SNDATA_ROOT/filters/SDSS/u.dat 
FILTER:  b  $SNDATA_ROOT/filters/SDSS/g.dat 
FILTER:  c  $SNDATA_ROOT/filters/SDSS/r.dat 
FILTER:  d  $SNDATA_ROOT/filters/SDSS/i.dat 
FILTER:  e  $SNDATA_ROOT/filters/SDSS/z.dat 
EPOCH:  -36.8306     27.337   26.730   26.139   25.720   25.353 
EPOCH:  -34.8397     27.337   26.730   26.139   25.720   25.353 
EPOCH:  -32.8489     27.337   26.730   26.139   25.720   25.353 
EPOCH:  -30.8581     27.337   26.730   26.139   25.720   25.353 
EPOCH:  -28.8672     27.337   26.730   26.139   25.720   25.353 
EPOCH:  -26.8764     27.337   26.730   26.139   25.720   25.353 
EPOCH:  -24.8855      4.414    3.085    2.850    2.972    3.672 
EPOCH:  -22.8947     -1.410   -2.733   -2.961   -2.838   -2.152 
EPOCH:  -20.9038     -5.736   -7.052   -7.270   -7.147   -6.480 
EPOCH:  -18.9130     -8.957  -10.264  -10.472  -10.349   -9.707 
EPOCH:  -16.9222    -11.199  -12.487  -12.680  -12.556  -11.950 
EPOCH:  -14.9313    -12.565  -13.784  -13.953  -13.826  -13.271 
EPOCH:  -12.9405    -13.497  -14.539  -14.673  -14.539  -14.007 
EPOCH:  -10.9496    -14.198  -15.013  -15.103  -14.958  -14.423 
EPOCH:   -8.9588    -14.721  -15.343  -15.387  -15.235  -14.687 
EPOCH:   -6.9679    -15.099  -15.603  -15.606  -15.451  -14.909 
EPOCH:   -4.9771    -15.396  -15.854  -15.829  -15.679  -15.201 
EPOCH:   -2.9863    -15.580  -16.075  -16.053  -15.921  -15.577 
EPOCH:   -0.9954    -15.479  -16.169  -16.205  -16.105  -15.922 
EPOCH:    0.9954    -15.112  -16.136  -16.278  -16.235  -16.198 
EPOCH:    2.9863    -14.703  -15.974  -16.280  -16.307  -16.380 
EPOCH:    4.9771    -14.192  -15.698  -16.240  -16.311  -16.429 
EPOCH:    6.9679    -13.580  -15.391  -16.099  -16.194  -16.290 
EPOCH:    8.9588    -12.960  -15.111  -15.855  -15.981  -16.063 
EPOCH:   10.9496    -12.475  -14.886  -15.691  -15.828  -15.963 
EPOCH:   12.9405    -12.163  -14.708  -15.591  -15.735  -15.924 
EPOCH:   14.9313    -12.028  -14.569  -15.505  -15.664  -15.874 
EPOCH:   16.9222    -12.010  -14.472  -15.429  -15.591  -15.839 
EPOCH:   18.9130    -12.046  -14.407  -15.350  -15.514  -15.796 
EPOCH:   20.9038    -12.105  -14.343  -15.249  -15.440  -15.710 
EPOCH:   22.8947    -12.152  -14.286  -15.159  -15.382  -15.687 
EPOCH:   24.8855    -12.179  -14.250  -15.101  -15.344  -15.768 
EPOCH:   26.8764    -12.192  -14.223  -15.066  -15.319  -15.833 
EPOCH:   28.8672    -12.188  -14.197  -15.034  -15.284  -15.815 
EPOCH:   30.8581    -12.157  -14.152  -14.966  -15.224  -15.708 
EPOCH:   32.8489    -12.101  -14.085  -14.867  -15.149  -15.577 
EPOCH:   34.8397    -12.031  -14.025  -14.779  -15.081  -15.504 
EPOCH:   36.8306    -11.949  -13.964  -14.697  -15.019  -15.469 
EPOCH:   38.8214    -11.853  -13.896  -14.614  -14.957  -15.440 
EPOCH:   40.8123    -11.747  -13.820  -14.526  -14.893  -15.414 
EPOCH:   42.8031    -11.636  -13.740  -14.436  -14.831  -15.395 
EPOCH:   44.7939    -11.524  -13.658  -14.344  -14.772  -15.388 
EPOCH:   46.7848    -11.406  -13.570  -14.248  -14.711  -15.382 
EPOCH:   48.7756    -11.278  -13.477  -14.147  -14.645  -15.371 
EPOCH:   50.7665    -11.144  -13.379  -14.041  -14.575  -15.355 
EPOCH:   52.7573    -11.003  -13.277  -13.930  -14.500  -15.334 
EPOCH:   54.7482    -10.856  -13.171  -13.816  -14.421  -15.308 
EPOCH:   56.7390    -10.706  -13.061  -13.698  -14.340  -15.278 
EPOCH:   58.7298    -10.551  -12.949  -13.577  -14.255  -15.243 
EPOCH:   60.7207    -10.394  -12.833  -13.454  -14.168  -15.204 
EPOCH:   62.7115    -10.235  -12.716  -13.328  -14.078  -15.161 
EPOCH:   64.7024    -10.077  -12.596  -13.200  -13.987  -15.114 
EPOCH:   66.6932     -9.924  -12.474  -13.069  -13.893  -15.064 
EPOCH:   68.6841     -9.782  -12.350  -12.937  -13.797  -15.011 
EPOCH:   70.6749     -9.655  -12.223  -12.802  -13.700  -14.956 
EPOCH:   72.6657     -9.548  -12.092  -12.664  -13.602  -14.897 
EPOCH:   74.6566     -9.462  -11.955  -12.524  -13.502  -14.837 
EPOCH:   76.6474     -9.394  -11.811  -12.380  -13.402  -14.775 
EPOCH:   78.6383     -9.334  -11.656  -12.233  -13.301  -14.711 
EPOCH:   80.6291     -9.279  -11.486  -12.081  -13.200  -14.646 
EPOCH:   82.6199     -9.226  -11.304  -11.923  -13.100  -14.579 
EPOCH:   84.6108     -9.173  -11.132  -11.757  -13.000  -14.512 
EPOCH:   86.6016     -9.121  -10.995  -11.585  -12.900  -14.444 
EPOCH:   88.5925     -9.069  -10.878  -11.409  -12.802  -14.375 
EPOCH:   90.5833     -9.017  -10.759  -11.236  -12.703  -14.306 
EPOCH:   92.5742     -8.965  -10.634  -11.068  -12.604  -14.236 
EPOCH:   94.5650     -8.913  -10.503  -10.906  -12.504  -14.165 
EPOCH:   96.5558     -8.861  -10.366  -10.748  -12.403  -14.094 
EPOCH:   98.5467     -8.810  -10.223  -10.596  -12.300  -14.021 
END: 
