NEPOCH: 69 
SNTYPE: Ib 
FILTER:  a  $SNDATA_ROOT/filters/SDSS/u.dat 
FILTER:  b  $SNDATA_ROOT/filters/SDSS/g.dat 
FILTER:  c  $SNDATA_ROOT/filters/SDSS/r.dat 
FILTER:  d  $SNDATA_ROOT/filters/SDSS/i.dat 
FILTER:  e  $SNDATA_ROOT/filters/SDSS/z.dat 
EPOCH:  -35.2976     27.337   26.730   26.139   25.720   25.363 
EPOCH:  -33.3366     27.337   26.730   26.139   25.720   25.363 
EPOCH:  -31.3756     27.337   26.730   26.139   25.720   25.363 
EPOCH:  -29.4146     27.337   26.730   26.139   25.720   25.363 
EPOCH:  -27.4537     27.337   26.730   26.139   25.720   25.363 
EPOCH:  -25.4927     27.337   26.730   26.139   25.720   25.363 
EPOCH:  -23.5317     27.337   26.730   26.139   25.720   25.363 
EPOCH:  -21.5707     -3.291   -4.308   -4.594   -4.424   -3.248 
EPOCH:  -19.6098     -7.586   -8.635   -8.916   -8.753   -7.659 
EPOCH:  -17.6488    -10.617  -11.713  -11.988  -11.834  -10.856 
EPOCH:  -15.6878    -12.684  -13.848  -14.113  -13.975  -13.154 
EPOCH:  -13.7268    -13.976  -15.205  -15.458  -15.338  -14.702 
EPOCH:  -11.7659    -14.774  -15.975  -16.216  -16.113  -15.626 
EPOCH:   -9.8049    -15.328  -16.416  -16.642  -16.552  -16.160 
EPOCH:   -7.8439    -15.752  -16.705  -16.911  -16.831  -16.492 
EPOCH:   -5.8829    -16.096  -16.939  -17.123  -17.052  -16.777 
EPOCH:   -3.9220    -16.388  -17.171  -17.336  -17.279  -17.136 
EPOCH:   -1.9610    -16.556  -17.347  -17.517  -17.481  -17.530 
EPOCH:    0.0000    -16.508  -17.421  -17.629  -17.621  -17.864 
EPOCH:    1.9610    -16.268  -17.402  -17.677  -17.719  -18.107 
EPOCH:    3.9220    -15.948  -17.282  -17.663  -17.758  -18.241 
EPOCH:    5.8829    -15.495  -17.105  -17.669  -17.776  -18.270 
EPOCH:    7.8439    -14.987  -16.922  -17.628  -17.752  -18.159 
EPOCH:    9.8049    -14.490  -16.733  -17.464  -17.613  -17.908 
EPOCH:   11.7659    -14.075  -16.551  -17.328  -17.487  -17.724 
EPOCH:   13.7268    -13.776  -16.385  -17.243  -17.409  -17.633 
EPOCH:   15.6878    -13.598  -16.242  -17.164  -17.351  -17.539 
EPOCH:   17.6488    -13.509  -16.108  -17.076  -17.285  -17.430 
EPOCH:   19.6098    -13.469  -15.997  -16.991  -17.208  -17.336 
EPOCH:   21.5707    -13.451  -15.910  -16.905  -17.123  -17.231 
EPOCH:   23.5317    -13.449  -15.825  -16.805  -17.035  -17.065 
EPOCH:   25.4927    -13.443  -15.743  -16.704  -16.949  -16.893 
EPOCH:   27.4537    -13.419  -15.680  -16.622  -16.867  -16.808 
EPOCH:   29.4146    -13.379  -15.630  -16.556  -16.794  -16.780 
EPOCH:   31.3756    -13.329  -15.587  -16.510  -16.727  -16.715 
EPOCH:   33.3366    -13.273  -15.557  -16.481  -16.657  -16.587 
EPOCH:   35.2976    -13.205  -15.525  -16.443  -16.571  -16.383 
EPOCH:   37.2586    -13.120  -15.479  -16.388  -16.470  -16.112 
EPOCH:   39.2195    -13.024  -15.433  -16.333  -16.367  -15.833 
EPOCH:   41.1805    -12.919  -15.394  -16.294  -16.273  -15.600 
EPOCH:   43.1415    -12.806  -15.358  -16.263  -16.182  -15.399 
EPOCH:   45.1025    -12.684  -15.317  -16.234  -16.089  -15.197 
EPOCH:   47.0634    -12.555  -15.273  -16.209  -15.997  -14.991 
EPOCH:   49.0244    -12.418  -15.225  -16.184  -15.903  -14.778 
EPOCH:   50.9854    -12.272  -15.173  -16.158  -15.807  -14.560 
EPOCH:   52.9464    -12.123  -15.120  -16.136  -15.713  -14.342 
EPOCH:   54.9073    -11.970  -15.065  -16.115  -15.620  -14.127 
EPOCH:   56.8683    -11.810  -15.008  -16.095  -15.527  -13.908 
EPOCH:   58.8293    -11.643  -14.947  -16.074  -15.433  -13.683 
EPOCH:   60.7903    -11.469  -14.883  -16.052  -15.338  -13.451 
EPOCH:   62.7513    -11.290  -14.816  -16.030  -15.243  -13.212 
EPOCH:   64.7122    -11.107  -14.747  -16.008  -15.148  -12.968 
EPOCH:   66.6732    -10.921  -14.675  -15.985  -15.053  -12.718 
EPOCH:   68.6342    -10.733  -14.602  -15.962  -14.958  -12.464 
EPOCH:   70.5952    -10.541  -14.526  -15.938  -14.864  -12.208 
EPOCH:   72.5561    -10.345  -14.449  -15.913  -14.771  -11.955 
EPOCH:   74.5171    -10.143  -14.371  -15.888  -14.679  -11.704 
EPOCH:   76.4781     -9.937  -14.291  -15.862  -14.587  -11.458 
EPOCH:   78.4391     -9.728  -14.211  -15.836  -14.496  -11.220 
EPOCH:   80.4000     -9.518  -14.131  -15.809  -14.405  -10.994 
EPOCH:   82.3610     -9.307  -14.051  -15.781  -14.315  -10.782 
EPOCH:   84.3220     -9.102  -13.971  -15.753  -14.226  -10.580 
EPOCH:   86.2830     -8.914  -13.893  -15.724  -14.137  -10.385 
EPOCH:   88.2439     -8.753  -13.816  -15.694  -14.049  -10.198 
EPOCH:   90.2049     -8.614  -13.740  -15.665  -13.961  -10.018 
EPOCH:   92.1659     -8.484  -13.665  -15.634  -13.874   -9.841 
EPOCH:   94.1269     -8.358  -13.591  -15.603  -13.788   -9.668 
EPOCH:   96.0879     -8.234  -13.517  -15.572  -13.702   -9.499 
EPOCH:   98.0488     -8.112  -13.443  -15.541  -13.617   -9.333 
END: 
