NEPOCH: 70 
SNTYPE: Ib 
FILTER:  a  $SNDATA_ROOT/filters/SDSS/u.dat 
FILTER:  b  $SNDATA_ROOT/filters/SDSS/g.dat 
FILTER:  c  $SNDATA_ROOT/filters/SDSS/r.dat 
FILTER:  d  $SNDATA_ROOT/filters/SDSS/i.dat 
FILTER:  e  $SNDATA_ROOT/filters/SDSS/z.dat 
EPOCH:  -32.3964     27.337   26.730   26.139   25.720   25.380 
EPOCH:  -30.4907     27.337   26.730   26.139   25.720   25.380 
EPOCH:  -28.5850     27.337   26.730   26.139   25.720   25.380 
EPOCH:  -26.6794     27.337   26.730   26.139   25.720   25.380 
EPOCH:  -24.7737     27.337   26.730   26.139   25.720   25.380 
EPOCH:  -22.8680     27.337   26.730   26.139   25.720   25.380 
EPOCH:  -20.9624     -1.556   -2.850   -3.201   -3.128   -2.436 
EPOCH:  -19.0567     -7.689   -8.976   -9.321   -9.245   -8.575 
EPOCH:  -17.1510    -11.539  -12.828  -13.164  -13.085  -12.457 
EPOCH:  -15.2454    -14.022  -15.313  -15.638  -15.558  -15.002 
EPOCH:  -13.3397    -15.470  -16.734  -17.047  -16.969  -16.487 
EPOCH:  -11.4340    -16.407  -17.562  -17.861  -17.793  -17.348 
EPOCH:   -9.5283    -17.088  -18.073  -18.359  -18.304  -17.859 
EPOCH:   -7.6227    -17.600  -18.419  -18.692  -18.651  -18.191 
EPOCH:   -5.7170    -17.967  -18.677  -18.939  -18.908  -18.456 
EPOCH:   -3.8113    -18.225  -18.905  -19.158  -19.137  -18.746 
EPOCH:   -1.9057    -18.378  -19.109  -19.369  -19.363  -19.090 
EPOCH:    0.0000    -18.372  -19.247  -19.541  -19.559  -19.431 
EPOCH:    1.9057    -18.204  -19.290  -19.651  -19.716  -19.715 
EPOCH:    3.8113    -17.936  -19.230  -19.706  -19.828  -19.910 
EPOCH:    5.7170    -17.607  -19.076  -19.718  -19.875  -19.984 
EPOCH:    7.6227    -17.215  -18.858  -19.666  -19.829  -19.915 
EPOCH:    9.5283    -16.785  -18.615  -19.518  -19.685  -19.726 
EPOCH:   11.4340    -16.362  -18.376  -19.321  -19.492  -19.514 
EPOCH:   13.3397    -15.981  -18.156  -19.149  -19.319  -19.358 
EPOCH:   15.2454    -15.640  -17.959  -19.015  -19.184  -19.250 
EPOCH:   17.1510    -15.327  -17.783  -18.893  -19.064  -19.163 
EPOCH:   19.0567    -15.042  -17.629  -18.767  -18.943  -19.076 
EPOCH:   20.9624    -14.811  -17.489  -18.628  -18.824  -18.973 
EPOCH:   22.8680    -14.655  -17.359  -18.488  -18.716  -18.884 
EPOCH:   24.7737    -14.572  -17.248  -18.368  -18.625  -18.863 
EPOCH:   26.6794    -14.553  -17.162  -18.280  -18.556  -18.888 
EPOCH:   28.5850    -14.590  -17.097  -18.219  -18.502  -18.885 
EPOCH:   30.4907    -14.659  -17.042  -18.164  -18.450  -18.811 
EPOCH:   32.3964    -14.737  -16.986  -18.098  -18.392  -18.677 
EPOCH:   34.3020    -14.811  -16.935  -18.029  -18.334  -18.539 
EPOCH:   36.2077    -14.878  -16.894  -17.969  -18.282  -18.439 
EPOCH:   38.1134    -14.934  -16.864  -17.923  -18.237  -18.379 
EPOCH:   40.0191    -14.979  -16.837  -17.885  -18.198  -18.337 
EPOCH:   41.9247    -15.014  -16.812  -17.852  -18.164  -18.304 
EPOCH:   43.8304    -15.045  -16.790  -17.824  -18.135  -18.282 
EPOCH:   45.7361    -15.071  -16.769  -17.800  -18.112  -18.270 
EPOCH:   47.6417    -15.089  -16.748  -17.778  -18.092  -18.264 
EPOCH:   49.5474    -15.098  -16.725  -17.755  -18.071  -18.257 
EPOCH:   51.4531    -15.097  -16.699  -17.731  -18.048  -18.248 
EPOCH:   53.3587    -15.087  -16.671  -17.705  -18.025  -18.236 
EPOCH:   55.2644    -15.070  -16.641  -17.679  -18.000  -18.221 
EPOCH:   57.1701    -15.047  -16.608  -17.650  -17.973  -18.203 
EPOCH:   59.0758    -15.018  -16.574  -17.621  -17.945  -18.183 
EPOCH:   60.9814    -14.984  -16.537  -17.590  -17.916  -18.159 
EPOCH:   62.8871    -14.944  -16.497  -17.558  -17.885  -18.132 
EPOCH:   64.7928    -14.901  -16.456  -17.524  -17.853  -18.102 
EPOCH:   66.6984    -14.854  -16.413  -17.489  -17.819  -18.068 
EPOCH:   68.6041    -14.803  -16.368  -17.453  -17.783  -18.032 
EPOCH:   70.5098    -14.750  -16.322  -17.415  -17.746  -17.993 
EPOCH:   72.4154    -14.693  -16.273  -17.376  -17.707  -17.950 
EPOCH:   74.3211    -14.634  -16.223  -17.335  -17.667  -17.905 
EPOCH:   76.2268    -14.573  -16.172  -17.293  -17.625  -17.856 
EPOCH:   78.1324    -14.510  -16.118  -17.250  -17.582  -17.804 
EPOCH:   80.0381    -14.445  -16.064  -17.205  -17.537  -17.750 
EPOCH:   81.9438    -14.379  -16.007  -17.160  -17.491  -17.692 
EPOCH:   83.8495    -14.312  -15.950  -17.113  -17.444  -17.632 
EPOCH:   85.7551    -14.243  -15.891  -17.065  -17.396  -17.569 
EPOCH:   87.6608    -14.174  -15.830  -17.016  -17.348  -17.503 
EPOCH:   89.5665    -14.104  -15.768  -16.966  -17.298  -17.435 
EPOCH:   91.4721    -14.034  -15.705  -16.916  -17.248  -17.364 
EPOCH:   93.3778    -13.962  -15.641  -16.864  -17.196  -17.291 
EPOCH:   95.2835    -13.891  -15.576  -16.812  -17.144  -17.215 
EPOCH:   97.1891    -13.819  -15.510  -16.758  -17.090  -17.137 
EPOCH:   99.0948    -13.746  -15.442  -16.704  -17.036  -17.057 
END: 
