NEPOCH: 26 
SNTYPE: IIL 
FILTER:  a  $SNDATA_ROOT/filters/SDSS/u.dat 
FILTER:  b  $SNDATA_ROOT/filters/SDSS/g.dat 
FILTER:  c  $SNDATA_ROOT/filters/SDSS/r.dat 
FILTER:  d  $SNDATA_ROOT/filters/SDSS/i.dat 
FILTER:  e  $SNDATA_ROOT/filters/SDSS/z.dat 
EPOCH:   -7.5000    -11.017  -10.691  -10.295   -9.982   -9.678 
EPOCH:   -5.0000    -15.322  -15.664  -15.748  -15.457  -15.283 
EPOCH:   -2.5000    -15.322  -15.664  -15.748  -15.457  -15.283 
EPOCH:    0.0000    -15.781  -16.356  -16.765  -16.607  -16.282 
EPOCH:    2.5000    -15.783  -16.408  -16.804  -16.635  -16.231 
EPOCH:    5.0000    -15.352  -16.393  -16.528  -16.401  -16.028 
EPOCH:    7.5000    -15.453  -16.312  -16.524  -16.627  -16.436 
EPOCH:   10.0000    -14.797  -16.072  -16.642  -16.584  -16.491 
EPOCH:   12.5000    -14.765  -16.094  -16.722  -16.687  -16.454 
EPOCH:   15.0000    -14.680  -16.271  -16.781  -16.687  -16.453 
EPOCH:   17.5000    -15.021  -16.566  -16.604  -16.480  -16.570 
EPOCH:   20.0000    -13.827  -15.374  -15.932  -15.926  -16.124 
EPOCH:   22.5000    -13.827  -15.374  -15.932  -15.926  -16.124 
EPOCH:   25.0000    -14.032  -15.630  -16.116  -15.985  -16.414 
EPOCH:   27.5000    -13.824  -15.585  -16.377  -16.267  -16.637 
EPOCH:   30.0000    -13.863  -15.414  -16.296  -16.252  -16.180 
EPOCH:   32.5000    -13.332  -15.550  -16.341  -16.248  -15.775 
EPOCH:   35.0000    -13.832  -15.767  -16.437  -16.261  -16.354 
EPOCH:   37.5000    -13.824  -15.575  -15.953  -15.937  -16.013 
EPOCH:   40.0000    -13.459  -15.412  -15.992  -15.873  -16.065 
EPOCH:   42.5000    -13.334  -15.141  -16.089  -16.122  -16.437 
EPOCH:   45.0000    -13.630  -15.447  -16.145  -16.122  -16.437 
EPOCH:   47.5000    -13.496  -15.417  -16.119  -16.120  -16.389 
EPOCH:   50.0000    -13.571  -15.547  -16.181  -16.741  -16.548 
EPOCH:   52.5000    -13.469  -15.288  -16.084  -16.735  -16.548 
EPOCH:   55.0000    -13.419  -15.111  -16.070  -16.053  -16.166 
END: 
