NEPOCH: 100 
SNTYPE: Ib 
FILTER:  a  $SNDATA_ROOT/filters/SDSS/u.dat 
FILTER:  b  $SNDATA_ROOT/filters/SDSS/g.dat 
FILTER:  c  $SNDATA_ROOT/filters/SDSS/r.dat 
FILTER:  d  $SNDATA_ROOT/filters/SDSS/i.dat 
FILTER:  e  $SNDATA_ROOT/filters/SDSS/z.dat 
EPOCH:  -19.00  -14.396  -13.983  -13.474  -13.492  -13.082 
EPOCH:  -18.00  -14.889  -15.125  -14.607  -14.780  -14.299 
EPOCH:  -17.00  -15.160  -15.762  -15.425  -15.607  -15.174 
EPOCH:  -16.00  -15.354  -16.132  -15.992  -16.140  -15.795 
EPOCH:  -15.00  -15.518  -16.356  -16.384  -16.483  -16.230 
EPOCH:  -14.00  -15.663  -16.501  -16.652  -16.704  -16.534 
EPOCH:  -13.00  -15.820  -16.603  -16.832  -16.840  -16.759 
EPOCH:  -12.00  -15.959  -16.678  -16.956  -16.929  -16.918 
EPOCH:  -11.00  -16.078  -16.739  -17.041  -16.991  -17.033 
EPOCH:  -10.00  -16.150  -16.788  -17.106  -17.046  -17.111 
EPOCH:   -9.00  -16.197  -16.830  -17.153  -17.094  -17.169 
EPOCH:   -8.00  -16.223  -16.863  -17.192  -17.138  -17.215 
EPOCH:   -7.00  -16.222  -16.889  -17.225  -17.181  -17.251 
EPOCH:   -6.00  -16.201  -16.904  -17.255  -17.224  -17.282 
EPOCH:   -5.00  -16.151  -16.909  -17.285  -17.267  -17.320 
EPOCH:   -4.00  -16.073  -16.908  -17.312  -17.310  -17.354 
EPOCH:   -3.00  -15.967  -16.901  -17.335  -17.353  -17.384 
EPOCH:   -2.00  -15.856  -16.882  -17.358  -17.391  -17.401 
EPOCH:   -1.00  -15.720  -16.859  -17.373  -17.426  -17.416 
EPOCH:    0.00  -15.580  -16.824  -17.386  -17.456  -17.426 
EPOCH:    1.00  -15.394  -16.787  -17.391  -17.481  -17.443 
EPOCH:    2.00  -15.188  -16.746  -17.388  -17.500  -17.457 
EPOCH:    3.00  -14.967  -16.703  -17.376  -17.511  -17.467 
EPOCH:    4.00  -14.787  -16.648  -17.358  -17.513  -17.465 
EPOCH:    5.00  -14.615  -16.583  -17.336  -17.505  -17.459 
EPOCH:    6.00  -14.447  -16.514  -17.305  -17.490  -17.450 
EPOCH:    7.00  -14.280  -16.444  -17.268  -17.468  -17.438 
EPOCH:    8.00  -14.111  -16.376  -17.223  -17.438  -17.406 
EPOCH:    9.00  -13.955  -16.302  -17.176  -17.402  -17.376 
EPOCH:   10.00  -13.817  -16.221  -17.127  -17.360  -17.348 
EPOCH:   11.00  -13.698  -16.141  -17.075  -17.320  -17.328 
EPOCH:   12.00  -13.597  -16.061  -17.021  -17.278  -17.306 
EPOCH:   13.00  -13.513  -15.973  -16.971  -17.235  -17.283 
EPOCH:   14.00  -13.437  -15.892  -16.920  -17.193  -17.260 
EPOCH:   15.00  -13.367  -15.817  -16.871  -17.153  -17.238 
EPOCH:   16.00  -13.309  -15.745  -16.824  -17.114  -17.216 
EPOCH:   17.00  -13.258  -15.677  -16.779  -17.078  -17.194 
EPOCH:   18.00  -13.208  -15.620  -16.736  -17.044  -17.174 
EPOCH:   19.00  -13.156  -15.573  -16.695  -17.012  -17.155 
EPOCH:   20.00  -13.113  -15.529  -16.657  -16.982  -17.137 
EPOCH:   21.00  -13.075  -15.489  -16.622  -16.955  -17.120 
EPOCH:   22.00  -13.045  -15.453  -16.590  -16.928  -17.103 
EPOCH:   23.00  -13.019  -15.417  -16.561  -16.903  -17.088 
EPOCH:   24.00  -12.997  -15.382  -16.535  -16.877  -17.073 
EPOCH:   25.00  -12.984  -15.350  -16.511  -16.853  -17.059 
EPOCH:   26.00  -12.970  -15.320  -16.488  -16.828  -17.045 
EPOCH:   27.00  -12.955  -15.295  -16.465  -16.803  -17.032 
EPOCH:   28.00  -12.944  -15.273  -16.443  -16.778  -17.019 
EPOCH:   29.00  -12.934  -15.252  -16.422  -16.752  -17.007 
EPOCH:   30.00  -12.925  -15.234  -16.401  -16.726  -16.994 
EPOCH:   31.00  -12.917  -15.216  -16.381  -16.700  -16.982 
EPOCH:   32.00  -12.910  -15.201  -16.360  -16.673  -16.969 
EPOCH:   33.00  -12.902  -15.188  -16.340  -16.646  -16.957 
EPOCH:   34.00  -12.896  -15.176  -16.319  -16.619  -16.945 
EPOCH:   35.00  -12.884  -15.168  -16.298  -16.592  -16.933 
EPOCH:   36.00  -12.875  -15.160  -16.276  -16.565  -16.920 
EPOCH:   37.00  -12.866  -15.154  -16.255  -16.539  -16.908 
EPOCH:   38.00  -12.857  -15.147  -16.234  -16.513  -16.896 
EPOCH:   39.00  -12.849  -15.141  -16.213  -16.489  -16.883 
EPOCH:   40.00  -12.841  -15.135  -16.192  -16.465  -16.871 
EPOCH:   41.00  -12.835  -15.127  -16.171  -16.442  -16.858 
EPOCH:   42.00  -12.829  -15.119  -16.151  -16.420  -16.846 
EPOCH:   43.00  -12.824  -15.111  -16.131  -16.399  -16.833 
EPOCH:   44.00  -12.821  -15.102  -16.112  -16.379  -16.821 
EPOCH:   45.00  -12.817  -15.093  -16.092  -16.359  -16.809 
EPOCH:   46.00  -12.815  -15.085  -16.073  -16.341  -16.796 
EPOCH:   47.00  -12.812  -15.076  -16.054  -16.324  -16.784 
EPOCH:   48.00  -12.809  -15.068  -16.034  -16.308  -16.772 
EPOCH:   49.00  -12.807  -15.059  -16.015  -16.292  -16.760 
EPOCH:   50.00  -12.805  -15.051  -15.996  -16.277  -16.749 
EPOCH:   51.00  -12.804  -15.042  -15.977  -16.263  -16.737 
EPOCH:   52.00  -12.803  -15.034  -15.958  -16.250  -16.726 
EPOCH:   53.00  -12.801  -15.025  -15.939  -16.237  -16.714 
EPOCH:   54.00  -12.799  -15.017  -15.920  -16.224  -16.703 
EPOCH:   55.00  -12.797  -15.009  -15.901  -16.212  -16.693 
EPOCH:   56.00  -12.796  -15.000  -15.882  -16.200  -16.682 
EPOCH:   57.00  -12.794  -14.992  -15.863  -16.189  -16.672 
EPOCH:   58.00  -12.792  -14.984  -15.844  -16.178  -16.662 
EPOCH:   59.00  -12.787  -14.977  -15.825  -16.167  -16.652 
EPOCH:   60.00  -12.781  -14.970  -15.805  -16.156  -16.642 
EPOCH:   61.00  -12.775  -14.963  -15.786  -16.146  -16.633 
EPOCH:   62.00  -12.769  -14.956  -15.767  -16.135  -16.624 
EPOCH:   63.00  -12.764  -14.949  -15.747  -16.125  -16.615 
EPOCH:   64.00  -12.758  -14.942  -15.728  -16.115  -16.607 
EPOCH:   65.00  -12.752  -14.935  -15.709  -16.105  -16.599 
EPOCH:   66.00  -12.747  -14.928  -15.689  -16.095  -16.591 
EPOCH:   67.00  -12.741  -14.921  -15.670  -16.084  -16.584 
EPOCH:   68.00  -12.735  -14.914  -15.651  -16.074  -16.576 
EPOCH:   69.00  -12.729  -14.907  -15.631  -16.064  -16.569 
EPOCH:   70.00  -12.724  -14.900  -15.612  -16.054  -16.563 
EPOCH:   71.00  -12.718  -14.893  -15.593  -16.044  -16.556 
EPOCH:   72.00  -12.712  -14.886  -15.573  -16.034  -16.550 
EPOCH:   73.00  -12.706  -14.879  -15.554  -16.024  -16.544 
EPOCH:   74.00  -12.701  -14.872  -15.534  -16.014  -16.538 
EPOCH:   75.00  -12.695  -14.865  -15.515  -16.005  -16.533 
EPOCH:   76.00  -12.689  -14.858  -15.495  -15.995  -16.528 
EPOCH:   77.00  -12.683  -14.851  -15.476  -15.985  -16.523 
EPOCH:   78.00  -12.677  -14.844  -15.457  -15.975  -16.518 
EPOCH:   79.00  -12.672  -14.837  -15.437  -15.965  -16.514 
EPOCH:   80.00  -12.666  -14.831  -15.418  -15.955  -16.509 
END: 
