NEPOCH: 100 
SNTYPE: Ib 
FILTER:  a  $SNDATA_ROOT/filters/SDSS/u.dat 
FILTER:  b  $SNDATA_ROOT/filters/SDSS/g.dat 
FILTER:  c  $SNDATA_ROOT/filters/SDSS/r.dat 
FILTER:  d  $SNDATA_ROOT/filters/SDSS/i.dat 
FILTER:  e  $SNDATA_ROOT/filters/SDSS/z.dat 
EPOCH:  -19.00  -12.422  -11.439  -12.076  -11.740  -12.237 
EPOCH:  -18.00  -14.072  -13.442  -14.174  -13.428  -13.776 
EPOCH:  -17.00  -14.917  -14.450  -15.032  -14.341  -14.549 
EPOCH:  -16.00  -15.317  -14.921  -15.344  -14.808  -14.900 
EPOCH:  -15.00  -15.480  -15.115  -15.439  -15.020  -15.043 
EPOCH:  -14.00  -15.529  -15.176  -15.458  -15.101  -15.087 
EPOCH:  -13.00  -15.517  -15.216  -15.414  -15.164  -15.058 
EPOCH:  -12.00  -15.506  -15.237  -15.394  -15.190  -15.049 
EPOCH:  -11.00  -15.501  -15.259  -15.414  -15.207  -15.065 
EPOCH:  -10.00  -15.517  -15.321  -15.439  -15.251  -15.091 
EPOCH:   -9.00  -15.571  -15.393  -15.498  -15.308  -15.147 
EPOCH:   -8.00  -15.659  -15.489  -15.572  -15.388  -15.230 
EPOCH:   -7.00  -15.765  -15.607  -15.660  -15.489  -15.329 
EPOCH:   -6.00  -15.885  -15.736  -15.762  -15.602  -15.442 
EPOCH:   -5.00  -16.032  -15.859  -15.871  -15.714  -15.593 
EPOCH:   -4.00  -16.180  -15.978  -15.990  -15.828  -15.748 
EPOCH:   -3.00  -16.315  -16.094  -16.108  -15.942  -15.896 
EPOCH:   -2.00  -16.413  -16.206  -16.233  -16.058  -16.018 
EPOCH:   -1.00  -16.487  -16.306  -16.349  -16.167  -16.129 
EPOCH:    0.00  -16.538  -16.382  -16.464  -16.261  -16.233 
EPOCH:    1.00  -16.557  -16.441  -16.565  -16.347  -16.322 
EPOCH:    2.00  -16.552  -16.473  -16.661  -16.416  -16.401 
EPOCH:    3.00  -16.514  -16.480  -16.747  -16.470  -16.485 
EPOCH:    4.00  -16.443  -16.476  -16.812  -16.518  -16.553 
EPOCH:    5.00  -16.338  -16.463  -16.855  -16.562  -16.605 
EPOCH:    6.00  -16.226  -16.428  -16.888  -16.593  -16.633 
EPOCH:    7.00  -16.086  -16.395  -16.894  -16.625  -16.646 
EPOCH:    8.00  -15.948  -16.342  -16.893  -16.645  -16.652 
EPOCH:    9.00  -15.761  -16.298  -16.868  -16.665  -16.661 
EPOCH:   10.00  -15.555  -16.259  -16.821  -16.685  -16.659 
EPOCH:   11.00  -15.336  -16.222  -16.756  -16.704  -16.649 
EPOCH:   12.00  -15.165  -16.166  -16.697  -16.708  -16.628 
EPOCH:   13.00  -15.007  -16.098  -16.640  -16.700  -16.608 
EPOCH:   14.00  -14.858  -16.029  -16.578  -16.687  -16.587 
EPOCH:   15.00  -14.707  -15.965  -16.508  -16.671  -16.561 
EPOCH:   16.00  -14.555  -15.909  -16.440  -16.653  -16.517 
EPOCH:   17.00  -14.415  -15.850  -16.376  -16.627  -16.485 
EPOCH:   18.00  -14.297  -15.775  -16.325  -16.590  -16.464 
EPOCH:   19.00  -14.204  -15.699  -16.268  -16.550  -16.442 
EPOCH:   20.00  -14.134  -15.619  -16.219  -16.507  -16.418 
EPOCH:   21.00  -14.075  -15.528  -16.179  -16.460  -16.396 
EPOCH:   22.00  -14.022  -15.444  -16.140  -16.413  -16.374 
EPOCH:   23.00  -13.973  -15.368  -16.100  -16.367  -16.351 
EPOCH:   24.00  -13.930  -15.293  -16.063  -16.322  -16.329 
EPOCH:   25.00  -13.893  -15.221  -16.029  -16.278  -16.307 
EPOCH:   26.00  -13.857  -15.160  -15.994  -16.236  -16.286 
EPOCH:   27.00  -13.816  -15.109  -15.957  -16.196  -16.266 
EPOCH:   28.00  -13.786  -15.059  -15.923  -16.158  -16.247 
EPOCH:   29.00  -13.758  -15.011  -15.892  -16.121  -16.228 
EPOCH:   30.00  -13.740  -14.962  -15.863  -16.087  -16.210 
EPOCH:   31.00  -13.720  -14.913  -15.837  -16.054  -16.193 
EPOCH:   32.00  -13.697  -14.864  -15.814  -16.022  -16.177 
EPOCH:   33.00  -13.689  -14.812  -15.794  -15.992  -16.161 
EPOCH:   34.00  -13.675  -14.763  -15.773  -15.963  -16.145 
EPOCH:   35.00  -13.655  -14.721  -15.751  -15.937  -16.130 
EPOCH:   36.00  -13.642  -14.679  -15.731  -15.911  -16.115 
EPOCH:   37.00  -13.630  -14.639  -15.710  -15.886  -16.100 
EPOCH:   38.00  -13.618  -14.601  -15.689  -15.862  -16.086 
EPOCH:   39.00  -13.607  -14.564  -15.669  -15.839  -16.071 
EPOCH:   40.00  -13.596  -14.529  -15.649  -15.816  -16.057 
EPOCH:   41.00  -13.586  -14.496  -15.628  -15.793  -16.043 
EPOCH:   42.00  -13.581  -14.465  -15.608  -15.771  -16.029 
EPOCH:   43.00  -13.564  -14.441  -15.584  -15.750  -16.015 
EPOCH:   44.00  -13.552  -14.418  -15.561  -15.729  -16.001 
EPOCH:   45.00  -13.541  -14.396  -15.538  -15.708  -15.986 
EPOCH:   46.00  -13.530  -14.375  -15.515  -15.688  -15.972 
EPOCH:   47.00  -13.520  -14.354  -15.492  -15.667  -15.958 
EPOCH:   48.00  -13.510  -14.334  -15.470  -15.646  -15.944 
EPOCH:   49.00  -13.501  -14.313  -15.448  -15.626  -15.930 
EPOCH:   50.00  -13.493  -14.291  -15.428  -15.604  -15.916 
EPOCH:   51.00  -13.487  -14.267  -15.408  -15.583  -15.902 
EPOCH:   52.00  -13.482  -14.244  -15.389  -15.561  -15.888 
EPOCH:   53.00  -13.478  -14.220  -15.370  -15.539  -15.875 
EPOCH:   54.00  -13.473  -14.197  -15.351  -15.516  -15.861 
EPOCH:   55.00  -13.469  -14.175  -15.332  -15.494  -15.848 
EPOCH:   56.00  -13.465  -14.154  -15.313  -15.472  -15.835 
EPOCH:   57.00  -13.461  -14.133  -15.294  -15.450  -15.821 
EPOCH:   58.00  -13.458  -14.113  -15.275  -15.428  -15.808 
EPOCH:   59.00  -13.455  -14.092  -15.257  -15.405  -15.795 
EPOCH:   60.00  -13.452  -14.072  -15.239  -15.382  -15.782 
EPOCH:   61.00  -13.449  -14.053  -15.221  -15.360  -15.768 
EPOCH:   62.00  -13.445  -14.035  -15.202  -15.338  -15.755 
EPOCH:   63.00  -13.441  -14.018  -15.183  -15.315  -15.741 
EPOCH:   64.00  -13.437  -14.001  -15.165  -15.293  -15.728 
EPOCH:   65.00  -13.433  -13.984  -15.146  -15.270  -15.715 
EPOCH:   66.00  -13.429  -13.967  -15.129  -15.248  -15.701 
EPOCH:   67.00  -13.419  -13.958  -15.106  -15.228  -15.686 
EPOCH:   68.00  -13.410  -13.949  -15.083  -15.208  -15.672 
EPOCH:   69.00  -13.400  -13.940  -15.060  -15.188  -15.657 
EPOCH:   70.00  -13.390  -13.931  -15.037  -15.168  -15.642 
EPOCH:   71.00  -13.380  -13.923  -15.014  -15.148  -15.627 
EPOCH:   72.00  -13.371  -13.914  -14.991  -15.128  -15.612 
EPOCH:   73.00  -13.361  -13.906  -14.968  -15.109  -15.597 
EPOCH:   74.00  -13.351  -13.898  -14.945  -15.089  -15.582 
EPOCH:   75.00  -13.342  -13.890  -14.922  -15.069  -15.567 
EPOCH:   76.00  -13.332  -13.882  -14.899  -15.049  -15.552 
EPOCH:   77.00  -13.322  -13.874  -14.876  -15.029  -15.538 
EPOCH:   78.00  -13.313  -13.867  -14.853  -15.009  -15.523 
EPOCH:   79.00  -13.303  -13.859  -14.830  -14.990  -15.508 
EPOCH:   80.00  -13.293  -13.851  -14.807  -14.970  -15.493 
END: 
