NEPOCH: 80 
SNTYPE: Ic 
FILTER:  a  $SNDATA_ROOT/filters/SDSS/u.dat 
FILTER:  b  $SNDATA_ROOT/filters/SDSS/g.dat 
FILTER:  c  $SNDATA_ROOT/filters/SDSS/r.dat 
FILTER:  d  $SNDATA_ROOT/filters/SDSS/i.dat 
FILTER:  e  $SNDATA_ROOT/filters/SDSS/z.dat 
EPOCH:  -30.1180     27.337   26.730   26.139   25.720  666.000 
EPOCH:  -28.4900     27.337   26.730   26.139   25.720  666.000 
EPOCH:  -26.8620     27.337   26.730   26.139   25.720  666.000 
EPOCH:  -25.2340     27.337   26.730   26.139   25.720  666.000 
EPOCH:  -23.6060     27.337   26.730   26.139   25.720  666.000 
EPOCH:  -21.9780     -6.210   -7.934   -9.043   -9.880  666.000 
EPOCH:  -20.3500     -8.633  -10.290  -11.381  -12.356  666.000 
EPOCH:  -18.7220    -10.145  -11.681  -12.764  -13.878  666.000 
EPOCH:  -17.0940    -11.175  -12.595  -13.643  -14.730  666.000 
EPOCH:  -15.4660    -11.894  -13.226  -14.200  -15.257  666.000 
EPOCH:  -13.8380    -12.413  -13.703  -14.564  -15.576  666.000 
EPOCH:  -12.2100    -12.840  -14.152  -14.872  -15.765  666.000 
EPOCH:  -10.5820    -13.261  -14.639  -15.222  -15.904  666.000 
EPOCH:   -8.9540    -13.701  -15.133  -15.618  -16.053  666.000 
EPOCH:   -7.3260    -14.127  -15.578  -16.011  -16.227  666.000 
EPOCH:   -5.6980    -14.479  -15.927  -16.353  -16.408  666.000 
EPOCH:   -4.0700    -14.708  -16.157  -16.614  -16.567  666.000 
EPOCH:   -2.4420    -14.801  -16.278  -16.786  -16.700  666.000 
EPOCH:   -0.8140    -14.782  -16.315  -16.884  -16.820  666.000 
EPOCH:    0.8140    -14.681  -16.296  -16.929  -16.931  666.000 
EPOCH:    2.4420    -14.523  -16.241  -16.938  -17.012  666.000 
EPOCH:    4.0700    -14.325  -16.156  -16.921  -17.053  666.000 
EPOCH:    5.6980    -14.101  -16.047  -16.882  -17.080  666.000 
EPOCH:    7.3260    -13.849  -15.927  -16.825  -17.086  666.000 
EPOCH:    8.9540    -13.516  -15.803  -16.763  -17.007  666.000 
EPOCH:   10.5820    -13.115  -15.680  -16.709  -16.877  666.000 
EPOCH:   12.2100    -12.750  -15.558  -16.663  -16.777  666.000 
EPOCH:   13.8380    -12.440  -15.434  -16.615  -16.686  666.000 
EPOCH:   15.4660    -12.121  -15.313  -16.560  -16.583  666.000 
EPOCH:   17.0940    -11.765  -15.201  -16.499  -16.481  666.000 
EPOCH:   18.7220    -11.379  -15.090  -16.433  -16.379  666.000 
EPOCH:   20.3500    -10.979  -14.971  -16.367  -16.266  666.000 
EPOCH:   21.9780    -10.581  -14.851  -16.304  -16.149  666.000 
EPOCH:   23.6060    -10.206  -14.739  -16.243  -16.030  666.000 
EPOCH:   25.2340     -9.859  -14.627  -16.177  -15.906  666.000 
EPOCH:   26.8620     -9.515  -14.515  -16.109  -15.780  666.000 
EPOCH:   28.4900     -9.156  -14.404  -16.050  -15.662  666.000 
EPOCH:   30.1180     -8.778  -14.298  -15.997  -15.549  666.000 
EPOCH:   31.7460     -8.377  -14.191  -15.930  -15.420  666.000 
EPOCH:   33.3740     -7.963  -14.084  -15.849  -15.278  666.000 
EPOCH:   35.0020     -7.568  -13.983  -15.779  -15.145  666.000 
EPOCH:   36.6300     -7.208  -13.883  -15.726  -15.030  666.000 
EPOCH:   38.2580     -6.868  -13.778  -15.670  -14.916  666.000 
EPOCH:   39.8860     -6.554  -13.665  -15.605  -14.788  666.000 
EPOCH:   41.5140     -6.257  -13.553  -15.534  -14.648  666.000 
EPOCH:   43.1420     -5.960  -13.451  -15.469  -14.499  666.000 
EPOCH:   44.7700     -5.652  -13.358  -15.409  -14.348  666.000 
EPOCH:   46.3980     -5.333  -13.263  -15.347  -14.200  666.000 
EPOCH:   48.0260     -5.004  -13.162  -15.281  -14.057  666.000 
EPOCH:   49.6540     -4.677  -13.054  -15.215  -13.922  666.000 
EPOCH:   51.2821     -4.410  -12.940  -15.155  -13.797  666.000 
EPOCH:   52.9101     -4.220  -12.825  -15.100  -13.678  666.000 
EPOCH:   54.5381     -4.052  -12.716  -15.042  -13.556  666.000 
EPOCH:   56.1661     -3.885  -12.617  -14.978  -13.425  666.000 
EPOCH:   57.7941     -3.718  -12.526  -14.903  -13.282  666.000 
EPOCH:   59.4221     -3.572  -12.441  -14.832  -13.139  666.000 
EPOCH:   61.0501     -3.461  -12.353  -14.767  -13.001  666.000 
EPOCH:   62.6781     -3.381  -12.261  -14.703  -12.865  666.000 
EPOCH:   64.3061     -3.332  -12.166  -14.641  -12.731  666.000 
EPOCH:   65.9341     -3.308  -12.069  -14.577  -12.597  666.000 
EPOCH:   67.5621     -3.309  -11.972  -14.511  -12.463  666.000 
EPOCH:   69.1901     -3.341  -11.875  -14.444  -12.330  666.000 
EPOCH:   70.8181     -3.408  -11.777  -14.379  -12.198  666.000 
EPOCH:   72.4461     -3.507  -11.679  -14.313  -12.066  666.000 
EPOCH:   74.0741     -3.638  -11.582  -14.247  -11.935  666.000 
EPOCH:   75.7021     -3.793  -11.484  -14.181  -11.805  666.000 
EPOCH:   77.3301     -3.970  -11.387  -14.115  -11.676  666.000 
EPOCH:   78.9581     -4.165  -11.290  -14.049  -11.547  666.000 
EPOCH:   80.5861     -4.377  -11.195  -13.983  -11.418  666.000 
EPOCH:   82.2141     -4.603  -11.100  -13.917  -11.291  666.000 
EPOCH:   83.8421     -4.842  -11.007  -13.853  -11.165  666.000 
EPOCH:   85.4701     -5.091  -10.916  -13.789  -11.041  666.000 
EPOCH:   87.0981     -5.347  -10.826  -13.725  -10.919  666.000 
EPOCH:   88.7261     -5.611  -10.739  -13.661  -10.801  666.000 
EPOCH:   90.3541     -5.881  -10.654  -13.596  -10.686  666.000 
EPOCH:   91.9821     -6.157  -10.572  -13.533  -10.576  666.000 
EPOCH:   93.6101     -6.438  -10.495  -13.470  -10.472  666.000 
EPOCH:   95.2381     -6.721  -10.425  -13.407  -10.374  666.000 
EPOCH:   96.8661     -7.002  -10.368  -13.338  -10.283  666.000 
EPOCH:   98.4941     -7.280  -10.325  -13.255  -10.196  666.000 
END: 
