  -20.0     0.986966     1.002954     1.008840     0.992077     1.067586
  -19.0     0.986966     1.002954     1.008840     0.992077     1.067586
  -18.0     0.986645     1.002834     1.008809     0.992109     1.068615
  -17.0     0.986404     1.002744     1.008786     0.992133     1.069387
  -16.0     0.986556     1.002801     1.008801     0.992118     1.068901
  -15.0     0.987322     1.003798     1.009335     0.992041     1.066442
  -14.0     0.988837     1.004202     1.009422     0.991831     1.060693
  -13.0     0.991145     1.004209     1.009122     0.991557     1.052621
  -12.0     0.995214     1.004177     1.008536     0.991278     1.043230
  -11.0     0.997275     1.003761     1.007754     0.991100     1.033482
  -10.0     1.001190     1.003481     1.006652     0.991004     1.024564
   -9.0     1.005442     1.003285     1.005497     0.990977     1.017684
   -8.0     1.009024     1.002283     1.004004     0.990943     1.014507
   -7.0     1.011899     1.001515     1.002910     0.990704     1.012996
   -6.0     1.013663     1.001561     1.002021     0.990417     1.011896
   -5.0     1.014096     1.001821     1.001820     0.990447     1.010589
   -4.0     1.012860     1.001295     1.001320     0.991428     1.008180
   -3.0     1.010490     1.000786     1.000946     0.993157     1.005733
   -2.0     1.007623     1.000447     1.000722     0.995382     1.003395
   -1.0     1.002438     0.999827     1.000444     0.997839     1.001353
    0.0     1.000000     1.000000     1.000000     1.000000     1.000000
    1.0     0.998099     1.000221     1.000229     1.002021     0.998975
    2.0     0.997275     0.999878     1.000167     1.003463     0.998899
    3.0     0.995888     0.998837     1.000412     1.004110     0.998500
    4.0     0.994199     0.997393     1.000572     1.004226     0.997208
    5.0     0.992303     0.995404     1.001588     1.004433     0.993980
    6.0     0.991585     0.994248     1.001606     1.005450     0.992893
    7.0     0.990347     0.992802     1.001768     1.004435     0.990052
    8.0     0.988889     0.991577     1.003669     1.003738     0.982989
    9.0     0.987497     0.990257     1.003074     1.003267     0.982186
   10.0     0.986275     0.989032     1.002331     1.002600     0.985171
   11.0     0.986122     0.988518     1.002110     1.001624     0.987391
   12.0     0.985245     0.986580     1.001435     1.000192     0.990009
   13.0     0.983963     0.984273     1.000765     0.998465     0.992888
   14.0     0.983344     0.982293     0.999592     0.996692     0.997275
   15.0     0.983634     0.980907     0.998239     0.994987     1.001140
   16.0     0.985378     0.980403     0.995623     0.992660     1.005068
   17.0     0.986117     0.978001     0.993869     0.988800     1.003875
   18.0     0.986695     0.976378     0.992653     0.986747     0.999490
   19.0     0.987050     0.975513     0.990487     0.986345     1.000527
   20.0     0.986878     0.974615     0.989631     0.986615     1.000574
   21.0     0.986860     0.974388     0.989243     0.986765     0.997976
   22.0     0.986122     0.973240     0.988480     0.986309     0.996117
   23.0     0.986619     0.973358     0.987536     0.985336     0.995672
   24.0     0.987543     0.973744     0.986047     0.983913     0.997533
   25.0     0.988778     0.974332     0.984550     0.981721     0.999126
   26.0     0.990175     0.974786     0.983072     0.978855     0.999768
   27.0     0.991643     0.973790     0.982221     0.976421     0.999885
   28.0     0.993033     0.974043     0.981015     0.975084     1.000406
   29.0     0.994171     0.974905     0.981206     0.975216     1.001022
   30.0     0.994859     0.975853     0.981573     0.975041     1.002375
   31.0     0.996150     0.975971     0.981663     0.975672     1.003793
   32.0     0.997444     0.975587     0.981163     0.976506     1.005501
   33.0     0.997951     0.975105     0.980584     0.977682     1.006886
   34.0     0.996619     0.975197     0.980168     0.978977     1.007655
   35.0     0.993936     0.975559     0.979867     0.980100     1.007355
   36.0     0.990402     0.975984     0.979805     0.981283     1.006566
   37.0     0.986528     0.976345     0.980153     0.982603     1.005569
   38.0     0.982835     0.976860     0.980008     0.983910     1.005491
   39.0     0.979853     0.977362     0.980179     0.984761     1.006012
   40.0     0.978123     0.977815     0.981078     0.985624     1.007662
   41.0     0.978199     0.977099     0.982053     0.986600     1.008915
   42.0     0.979016     0.976106     0.982978     0.986783     1.009989
   43.0     0.979984     0.975036     0.983116     0.985641     1.010768
   44.0     0.980346     0.974408     0.982818     0.983522     1.011150
   45.0     0.980708     0.973841     0.982184     0.980769     1.011035
   46.0     0.981071     0.973560     0.982108     0.977851     1.010637
   47.0     0.981433     0.973315     0.981942     0.974987     1.009763
   48.0     0.981795     0.973328     0.981939     0.972873     1.008980
   49.0     0.982157     0.974183     0.982336     0.972160     1.008802
   50.0     0.982519     0.975189     0.983780     0.973403     1.010031
   51.0     0.982881     0.976276     0.985271     0.975471     1.011636
   52.0     0.983243     0.977216     0.986288     0.978116     1.013627
   53.0     0.983606     0.977780     0.986403     0.980577     1.015756
   54.0     0.983997     0.977987     0.986239     0.983193     1.017652
   55.0     0.984381     0.977839     0.986076     0.985324     1.019216
   56.0     0.984729     0.977479     0.986357     0.986506     1.020979
   57.0     0.985022     0.976661     0.986195     0.986216     1.021928
   58.0     0.985246     0.975588     0.985879     0.984109     1.021426
   59.0     0.985398     0.974808     0.985707     0.980872     1.020055
   60.0     0.985483     0.973821     0.985995     0.977243     1.018472
   61.0     0.985511     0.973048     0.986007     0.974121     1.016556
   62.0     0.985504     0.972509     0.986105     0.971578     1.014589
   63.0     0.985489     0.972312     0.986369     0.969989     1.012809
   64.0     0.985504     0.972410     0.986783     0.969699     1.011445
   65.0     0.985519     0.972801     0.987389     0.970294     1.011026
   66.0     0.985533     0.973451     0.988210     0.971537     1.011984
   67.0     0.985548     0.974020     0.988981     0.972897     1.013087
   68.0     0.985563     0.974246     0.989527     0.973787     1.013610
   69.0     0.985577     0.974340     0.989989     0.974676     1.014133
   70.0     0.985592     0.974325     0.990383     0.975566     1.014656
   71.0     0.985607     0.974302     0.990575     0.976341     1.014959
   72.0     0.985621     0.974235     0.991018     0.977145     1.015317
   73.0     0.985636     0.974156     0.991635     0.978088     1.015943
   74.0     0.985651     0.973979     0.992285     0.979251     1.016991
   75.0     0.985665     0.973688     0.992882     0.980680     1.018552
   76.0     0.985680     0.973281     0.993356     0.982392     1.020656
   77.0     0.985694     0.972769     0.993653     0.984370     1.023273
   78.0     0.985709     0.972038     0.993616     0.986756     1.026473
   79.0     0.985724     0.971294     0.993381     0.989235     1.029901
   80.0     0.985738     0.970716     0.993066     0.991512     1.033186
   81.0     0.985753     0.970461     0.992774     0.993312     1.035941
   82.0     0.985768     0.970507     0.992989     0.994671     1.038319
   83.0     0.985782     0.970887     0.993508     0.995563     1.040296
   84.0     0.985797     0.971727     0.994460     0.996123     1.042008
   85.0     0.985812     0.972790     0.995612     0.996293     1.043381
   86.0     0.985826     0.973841     0.996736     0.996100     1.044420
   87.0     0.985841     0.974649     0.997612     0.995652     1.045204
   88.0     0.985857     0.974924     0.997972     0.995031     1.045880
   89.0     0.985872     0.974856     0.997987     0.994169     1.046282
   90.0     0.985886     0.974522     0.997727     0.993187     1.046436
   91.0     0.985898     0.974025     0.997290     0.992205     1.046395
   92.0     0.985907     0.973490     0.996799     0.991343     1.046240
   93.0     0.985913     0.973065     0.996403     0.990722     1.046082
   94.0     0.985916     0.972923     0.996276     0.990463     1.046058
   95.0     0.985916     0.972895     0.996251     0.990412     1.046054
   96.0     0.985915     0.972939     0.996291     0.990493     1.046061
   97.0     0.985914     0.972999     0.996344     0.990601     1.046071
   98.0     0.985914     0.972999     0.996344     0.990601     1.046071
   99.0     0.985914     0.972999     0.996344     0.990601     1.046071
  100.0     0.985914     0.972999     0.996344     0.990601     1.046071
