  2975.  3.659054E-9
  3025.  3.721104E-9
  3075.  3.581506E-9
  3125.  3.524663E-9
  3175.  3.487955E-9
  3225.  3.434019E-9
  3275.  3.450739E-9
  3325.  3.364477E-9
  3375.  3.346758E-9
  3425.  3.344409E-9
  3475.  3.248860E-9
  3525.  3.261599E-9
  3575.  3.185483E-9
  3625.  3.140463E-9
  3675.  3.082993E-9
  3725.  3.614278E-9
  3775.  4.571024E-9
  3825.  5.565377E-9
  3875.  6.359325E-9
  3925.  8.108289E-9
  3975.  6.066808E-9
  4025.  8.567108E-9
  4075.  7.098866E-9
  4125.  6.492788E-9
  4175.  7.824548E-9
  4225.  7.619713E-9
  4275.  7.290629E-9
  4325.  5.075162E-9
  4375.  6.313379E-9
  4425.  6.662961E-9
  4475.  6.450214E-9
  4525.  6.227113E-9
  4575.  6.074063E-9
  4625.  5.934790E-9
  4675.  5.766185E-9
  4725.  5.578484E-9
  4775.  5.381106E-9
  4825.  4.864761E-9
  4875.  3.729847E-9
  4925.  4.844690E-9
  4975.  4.792660E-9
  5025.  4.631799E-9
  5075.  4.519427E-9
  5125.  4.389399E-9
  5175.  4.201338E-9
  5225.  4.134872E-9
  5275.  4.003652E-9
  5325.  3.896188E-9
  5375.  3.811226E-9
  5425.  3.690994E-9
  5475.  3.595724E-9
  5525.  3.509891E-9
  5575.  3.423599E-9
  5625.  3.333761E-9
  5675.  3.246545E-9
  5725.  3.161854E-9
  5775.  3.079596E-9
  5825.  2.999685E-9
  5875.  2.911313E-9
  5925.  2.851841E-9
  5975.  2.768026E-9
  6025.  2.706981E-9
  6075.  2.642548E-9
  6125.  2.569983E-9
  6175.  2.499413E-9
  6225.  2.440321E-9
  6275.  2.392187E-9
  6325.  2.326761E-9
  6375.  2.272192E-9
  6425.  2.219033E-9
  6475.  2.149583E-9
  6525.  2.016795E-9
  6575.  1.652344E-9
  6625.  1.998533E-9
  6675.  1.972858E-9
  6725.  1.931355E-9
  6775.  1.886826E-9
  6825.  1.843391E-9
  6875.  1.804930E-9
  6925.  1.763524E-9
  6975.  1.723116E-9
  7025.  1.683676E-9
  7075.  1.648871E-9
  7125.  1.614874E-9
  7175.  1.578067E-9
  7225.  1.545666E-9
  7275.  1.510506E-9
  7325.  1.479608E-9
  7375.  1.449407E-9
  7425.  1.416525E-9
  7475.  1.387703E-9
  7525.  1.359518E-9
  7575.  1.331955E-9
  7625.  1.304995E-9
  7675.  1.275481E-9
  7725.  1.249720E-9
  7775.  1.215331E-9
  7825.  1.199849E-9
  7875.  1.172725E-9
  7925.  1.152081E-9
  7975.  1.123132E-9
  8025.  1.109180E-9
  8075.  1.086972E-9
  8125.  1.065226E-9
  8175.  1.041159E-9
  8225.  1.017597E-9
  8275.  1.005337E-9
  8325.  9.826165E-10
  8375.  9.630038E-10
  8425.  9.411789E-10
  8475.  9.713297E-10
  8525.  9.294133E-10
  8575.  9.261564E-10
  8625.  9.403258E-10
  8675.  8.680415E-10
  8725.  8.970160E-10
  8775.  8.844195E-10
  8825.  9.171969E-10
  8875.  7.917680E-10
  8925.  9.292837E-10
  8975.  8.799027E-10
  9025.  7.361314E-10
  9075.  8.741000E-10
  9125.  8.801044E-10
  9175.  8.419598E-10
  9225.  6.675909E-10
  9275.  7.937857E-10
  9325.  8.214750E-10
  9375.  8.106305E-10
  9425.  7.958027E-10
  9475.  7.668127E-10
  9525.  6.384386E-10
  9575.  6.701397E-10
  9625.  7.271175E-10
  9675.  7.255526E-10
  9725.  7.161544E-10
  9775.  7.030365E-10
  9825.  6.901478E-10
  9875.  6.774835E-10
  9925.  6.650387E-10
  9975.  6.435096E-10
  10025.  5.505632E-10
  10075.  5.487584E-10
  10125.  6.101427E-10
  10175.  6.113108E-10
  10225.  6.018068E-10
  10275.  5.907054E-10
  10325.  5.815264E-10
  10375.  5.707773E-10
  10425.  5.619097E-10
  10475.  5.498121E-10
  10525.  5.429301E-10
  10575.  5.344986E-10
  10625.  5.245622E-10
  10675.  5.115400E-10
  10725.  5.051727E-10
  10775.  4.989013E-10
  10825.  4.895653E-10
  10875.  4.709911E-10
  10925.  3.891666E-10
  10975.  4.347925E-10
  11025.  4.567398E-10
  11075.  4.541338E-10
  11125.  4.470704E-10
  11175.  4.401150E-10
  11225.  4.303281E-10
  11275.  4.221528E-10
  11325.  4.169906E-10
  11375.  4.133328E-10
  11425.  4.068874E-10
  11475.  4.005385E-10
  11525.  3.956774E-10
  11575.  3.895039E-10
  11625.  3.806831E-10
  11675.  3.747141E-10
  11725.  3.701790E-10
  11775.  3.643725E-10
  11825.  3.586508E-10
  11875.  3.530122E-10
  11925.  3.500582E-10
  11975.  3.445601E-10
  12025.  3.391907E-10
  12075.  3.339471E-10
  12125.  3.288248E-10
  12175.  3.238193E-10
  12225.  3.189266E-10
  12275.  3.141427E-10
  12325.  3.094640E-10
  12375.  3.048870E-10
  12425.  3.004083E-10
  12475.  2.960247E-10
  12525.  2.917333E-10
  12575.  2.875311E-10
  12625.  2.834154E-10
  12675.  2.793834E-10
  12725.  2.754329E-10
  12775.  2.715614E-10
  12825.  2.677664E-10
  12875.  2.640458E-10
  12925.  2.603976E-10
  12975.  2.568196E-10
  13025.  2.533100E-10
  13075.  2.498668E-10
  13125.  2.464882E-10
  13175.  2.431725E-10
  13225.  2.399181E-10
  13275.  2.367233E-10
  13325.  2.335866E-10
  13375.  2.305065E-10
  13425.  2.274815E-10
  13475.  2.245102E-10
  13525.  2.215914E-10
  13575.  2.187238E-10
  13625.  2.159060E-10
  13675.  2.131368E-10
  13725.  2.104151E-10
  13775.  2.077398E-10
  13825.  2.051097E-10
  13875.  2.025239E-10
  13925.  1.999812E-10
  13975.  1.974807E-10
  14025.  1.950215E-10
  14075.  1.926025E-10
  14125.  1.902229E-10
  14175.  1.878818E-10
  14225.  1.855784E-10
  14275.  1.833117E-10
  14325.  1.810811E-10
  14375.  1.788858E-10
  14425.  1.767249E-10
  14475.  1.745977E-10
  14525.  1.725036E-10
  14575.  1.704419E-10
  14625.  1.684117E-10
  14675.  1.664126E-10
  14725.  1.644439E-10
  14775.  1.625049E-10
  14825.  1.605950E-10
  14875.  1.587138E-10
  14925.  1.568604E-10
  14975.  1.550345E-10
  15025.  1.532358E-10
  15075.  1.514655E-10
  15125.  1.497234E-10
  15175.  1.480087E-10
  15225.  1.463209E-10
  15275.  1.446592E-10
  15325.  1.430232E-10
  15375.  1.414122E-10
  15425.  1.398258E-10
  15475.  1.382632E-10
  15525.  1.367242E-10
  15575.  1.352080E-10
  15625.  1.337143E-10
  15675.  1.322425E-10
  15725.  1.307923E-10
  15775.  1.293630E-10
  15825.  1.279545E-10
  15875.  1.265661E-10
  15925.  1.251975E-10
  15975.  1.238483E-10
  16025.  1.225181E-10
  16075.  1.212065E-10
  16125.  1.199132E-10
  16175.  1.186379E-10
  16225.  1.173800E-10
  16275.  1.161394E-10
  16325.  1.149157E-10
  16375.  1.137086E-10
  16425.  1.125178E-10
  16475.  1.113429E-10
  16525.  1.101837E-10
  16575.  1.090399E-10
  16625.  1.079112E-10
  16675.  1.067973E-10
  16725.  1.056980E-10
  16775.  1.046130E-10
  16825.  1.035420E-10
  16875.  1.024849E-10
  16925.  1.014413E-10
  16975.  1.004111E-10
  17025.  9.939391E-11
  17075.  9.838965E-11
  17125.  9.739801E-11
  17175.  9.641885E-11
  17225.  9.545190E-11
  17275.  9.449697E-11
  17325.  9.355391E-11
  17375.  9.262244E-11
  17425.  9.170243E-11
  17475.  9.079369E-11
  17525.  8.989599E-11
  17575.  8.900918E-11
  17625.  8.813313E-11
  17675.  8.726760E-11
  17725.  8.641243E-11
  17775.  8.556749E-11
  17825.  8.473263E-11
  17875.  8.390764E-11
  17925.  8.309239E-11
  17975.  8.228675E-11
  18025.  8.149054E-11
  18075.  8.070364E-11
  18125.  7.992591E-11
  18175.  7.915719E-11
  18225.  7.839734E-11
  18275.  7.764626E-11
  18325.  7.690380E-11
  18375.  7.616981E-11
  18425.  7.544422E-11
  18475.  7.472685E-11
  18525.  7.401761E-11
  18575.  7.331639E-11
  18625.  7.262302E-11
  18675.  7.193744E-11
  18725.  7.125955E-11
  18775.  7.058919E-11
  18825.  6.992626E-11
  18875.  6.927070E-11
  18925.  6.862238E-11
  18975.  6.798116E-11
  19025.  6.734699E-11
  19075.  6.671977E-11
  19125.  6.609938E-11
  19175.  6.548574E-11
  19225.  6.487874E-11
  19275.  6.427829E-11
  19325.  6.368436E-11
  19375.  6.309676E-11
  19425.  6.251551E-11
  19475.  6.194044E-11
  19525.  6.137151E-11
  19575.  6.080863E-11
  19625.  6.025169E-11
  19675.  5.970068E-11
  19725.  5.915546E-11
  19775.  5.861596E-11
  19825.  5.808214E-11
  19875.  5.755390E-11
  19925.  5.703116E-11
  19975.  5.651385E-11
  20025.  5.600197E-11
  20075.  5.549551E-11
  20125.  5.499445E-11
  20175.  5.449875E-11
  20225.  5.400832E-11
  20275.  5.352312E-11
  20325.  5.304309E-11
  20375.  5.256816E-11
  20425.  5.209828E-11
  20475.  5.163341E-11
  20525.  5.117347E-11
  20575.  5.071840E-11
  20625.  5.026816E-11
  20675.  4.982270E-11
  20725.  4.938194E-11
  20775.  4.894586E-11
  20825.  4.851436E-11
  20875.  4.808743E-11
  20925.  4.766500E-11
  20975.  4.724703E-11
  21025.  4.683346E-11
  21075.  4.642424E-11
  21125.  4.601930E-11
  21175.  4.561862E-11
  21225.  4.522215E-11
  21275.  4.482983E-11
  21325.  4.444160E-11
  21375.  4.405744E-11
  21425.  4.367728E-11
  21475.  4.330109E-11
  21525.  4.292880E-11
  21575.  4.256041E-11
  21625.  4.219582E-11
  21675.  4.183504E-11
  21725.  4.147798E-11
  21775.  4.112461E-11
  21825.  4.077491E-11
  21875.  4.042880E-11
  21925.  4.008627E-11
  21975.  3.974726E-11
  22025.  3.941174E-11
  22075.  3.907967E-11
  22125.  3.875100E-11
  22175.  3.842568E-11
  22225.  3.810370E-11
  22275.  3.778500E-11
  22325.  3.746956E-11
  22375.  3.715733E-11
  22425.  3.684827E-11
  22475.  3.654235E-11
  22525.  3.623952E-11
  22575.  3.593977E-11
  22625.  3.564304E-11
  22675.  3.534931E-11
  22725.  3.505853E-11
  22775.  3.477067E-11
  22825.  3.448572E-11
  22875.  3.420362E-11
  22925.  3.392434E-11
  22975.  3.364786E-11
  23025.  3.337412E-11
  23075.  3.310312E-11
  23125.  3.283483E-11
  23175.  3.256919E-11
  23225.  3.230618E-11
  23275.  3.204578E-11
  23325.  3.178795E-11
  23375.  3.153268E-11
  23425.  3.127991E-11
  23475.  3.102963E-11
  23525.  3.078181E-11
  23575.  3.053642E-11
  23625.  3.029341E-11
  23675.  3.005279E-11
  23725.  2.981452E-11
  23775.  2.957858E-11
  23825.  2.934490E-11
  23875.  2.911352E-11
  23925.  2.888436E-11
  23975.  2.865743E-11
  24025.  2.843268E-11
  24075.  2.821010E-11
  24125.  2.798966E-11
  24175.  2.777134E-11
  24225.  2.755511E-11
  24275.  2.734095E-11
  24325.  2.712883E-11
  24375.  2.691873E-11
  24425.  2.671064E-11
  24475.  2.650451E-11
  24525.  2.630035E-11
  24575.  2.609812E-11
  24625.  2.589778E-11
  24675.  2.569935E-11
  24725.  2.550279E-11
  24775.  2.530807E-11
  24825.  2.511517E-11
  24875.  2.492408E-11
  24925.  2.473479E-11
  24975.  2.454724E-11
  25025.  2.436145E-11
  25075.  2.417738E-11
  25125.  2.399502E-11
  25175.  2.381437E-11
  25225.  2.363537E-11
  25275.  2.345804E-11
  25325.  2.328234E-11
  25375.  2.310828E-11
  25425.  2.293581E-11
  25475.  2.276494E-11
  25525.  2.259564E-11
  25575.  2.242789E-11
  25625.  2.226168E-11
  25675.  2.209700E-11
  25725.  2.193383E-11
  25775.  2.177215E-11
  25825.  2.161194E-11
  25875.  2.145320E-11
  25925.  2.129591E-11
  25975.  2.114005E-11
  26025.  2.098560E-11
  26075.  2.083256E-11
  26125.  2.068090E-11
  26175.  2.053061E-11
  26225.  2.038168E-11
  26275.  2.023410E-11
  26325.  2.008785E-11
  26375.  1.994291E-11
  26425.  1.979928E-11
  26475.  1.965693E-11
  26525.  1.951586E-11
  26575.  1.937604E-11
  26625.  1.923747E-11
  26675.  1.910015E-11
  26725.  1.896405E-11
  26775.  1.882914E-11
  26825.  1.869545E-11
  26875.  1.856293E-11
  26925.  1.843158E-11
  26975.  1.830139E-11
  27025.  1.817236E-11
  27075.  1.804445E-11
  27125.  1.791767E-11
  27175.  1.779201E-11
  27225.  1.766743E-11
  27275.  1.754396E-11
  27325.  1.742155E-11
  27375.  1.730021E-11
  27425.  1.717993E-11
  27475.  1.706069E-11
  27525.  1.694248E-11
  27575.  1.682529E-11
  27625.  1.670912E-11
  27675.  1.659395E-11
  27725.  1.647976E-11
  27775.  1.636656E-11
  27825.  1.625433E-11
  27875.  1.614305E-11
  27925.  1.603273E-11
  27975.  1.592335E-11
  28025.  1.581489E-11
  28075.  1.570736E-11
  28125.  1.560073E-11
  28175.  1.549501E-11
  28225.  1.539018E-11
  28275.  1.528624E-11
  28325.  1.518317E-11
  28375.  1.508096E-11
  28425.  1.497960E-11
  28475.  1.487909E-11
  28525.  1.477943E-11
  28575.  1.468059E-11
  28625.  1.458257E-11
  28675.  1.448537E-11
  28725.  1.438898E-11
  28775.  1.429337E-11
  28825.  1.419856E-11
  28875.  1.410452E-11
  28925.  1.401127E-11
  28975.  1.391877E-11
  29025.  1.382703E-11
  29075.  1.373603E-11
  29125.  1.364578E-11
  29175.  1.355626E-11
  29225.  1.346747E-11
  29275.  1.337940E-11
  29325.  1.329204E-11
  29375.  1.320538E-11
  29425.  1.311942E-11
  29475.  1.303415E-11
  29525.  1.294957E-11
  29575.  1.286565E-11
  29625.  1.278241E-11
  29675.  1.269984E-11
  29725.  1.261791E-11
  29775.  1.253665E-11
  29825.  1.245601E-11
  29875.  1.237602E-11
  29925.  1.229666E-11
  29975.  1.221792E-11
  30025.  1.213981E-11
  30075.  1.206232E-11
  30125.  1.198545E-11
  30175.  1.190921E-11
  30225.  1.183358E-11
  30275.  1.175856E-11
  30325.  1.168414E-11
  30375.  1.161032E-11
  30425.  1.153708E-11
  30475.  1.146444E-11
  30525.  1.139237E-11
  30575.  1.132087E-11
  30625.  1.124995E-11
  30675.  1.117958E-11
  30725.  1.110977E-11
  30775.  1.104052E-11
  30825.  1.097181E-11
  30875.  1.090364E-11
  30925.  1.083602E-11
  30975.  1.076891E-11
  31025.  1.070234E-11
  31075.  1.063629E-11
  31125.  1.057076E-11
  31175.  1.050573E-11
  31225.  1.044122E-11
  31275.  1.037720E-11
  31325.  1.031368E-11
  31375.  1.025065E-11
  31425.  1.018812E-11
  31475.  1.012606E-11
  31525.  1.006448E-11
  31575.  1.000337E-11
  31625.  9.942738E-12
  31675.  9.882568E-12
  31725.  9.822856E-12
  31775.  9.763600E-12
  31825.  9.704798E-12
  31875.  9.646442E-12
  31925.  9.588529E-12
  31975.  9.531056E-12
  32025.  9.474015E-12
  32075.  9.417409E-12
  32125.  9.361226E-12
  32175.  9.305467E-12
  32225.  9.250123E-12
  32275.  9.195201E-12
  32325.  9.140686E-12
  32375.  9.086575E-12
  32425.  9.032872E-12
  32475.  8.979564E-12
  32525.  8.926654E-12
  32575.  8.874135E-12
  32625.  8.822002E-12
  32675.  8.770258E-12
  32725.  8.718891E-12
  32775.  8.667905E-12
  32825.  8.617292E-12
  32875.  8.567048E-12
  32925.  8.517170E-12
  32975.  8.467659E-12
  33025.  8.418504E-12
  33075.  8.369709E-12
  33125.  8.321266E-12
  33175.  8.273175E-12
  33225.  8.225432E-12
  33275.  8.178028E-12
  33325.  8.130966E-12
  33375.  8.084243E-12
  33425.  8.037857E-12
  33475.  7.991798E-12
  33525.  7.946071E-12
  33575.  7.900668E-12
  33625.  7.855585E-12
  33675.  7.810823E-12
  33725.  7.766377E-12
  33775.  7.722247E-12
  33825.  7.678425E-12
  33875.  7.634910E-12
  33925.  7.591702E-12
  33975.  7.548798E-12
  34025.  7.506192E-12
  34075.  7.463883E-12
  34125.  7.421868E-12
  34175.  7.380145E-12
  34225.  7.338710E-12
  34275.  7.297559E-12
  34325.  7.256696E-12
  34375.  7.216112E-12
  34425.  7.175804E-12
  34475.  7.135776E-12
  34525.  7.096021E-12
  34575.  7.056535E-12
  34625.  7.017321E-12
  34675.  6.978372E-12
  34725.  6.939686E-12
  34775.  6.901263E-12
  34825.  6.863098E-12
  34875.  6.825191E-12
  34925.  6.787537E-12
  34975.  6.750138E-12
  35025.  6.712989E-12
  35075.  6.676095E-12
  35125.  6.639457E-12
  35175.  6.603071E-12
  35225.  6.566937E-12
  35275.  6.531051E-12
  35325.  6.495414E-12
  35375.  6.460020E-12
  35425.  6.424868E-12
  35475.  6.389961E-12
  35525.  6.355289E-12
  35575.  6.320855E-12
  35625.  6.286656E-12
  35675.  6.252691E-12
  35725.  6.218956E-12
  35775.  6.185450E-12
  35825.  6.152173E-12
  35875.  6.119121E-12
  35925.  6.086292E-12
  35975.  6.053686E-12
  36025.  6.021301E-12
  36075.  5.989132E-12
  36125.  5.957182E-12
  36175.  5.925446E-12
  36225.  5.893921E-12
  36275.  5.862610E-12
  36325.  5.831506E-12
  36375.  5.800613E-12
  36425.  5.769923E-12
  36475.  5.739440E-12
  36525.  5.709158E-12
  36575.  5.679078E-12
  36625.  5.649201E-12
  36675.  5.619517E-12
  36725.  5.590031E-12
  36775.  5.560740E-12
  36825.  5.531644E-12
  36875.  5.502737E-12
  36925.  5.474021E-12
  36975.  5.445494E-12
  37025.  5.417152E-12
  37075.  5.388997E-12
  37125.  5.361028E-12
  37175.  5.333237E-12
  37225.  5.305630E-12
  37275.  5.278201E-12
  37325.  5.250952E-12
  37375.  5.223879E-12
  37425.  5.196980E-12
  37475.  5.170255E-12
  37525.  5.143704E-12
  37575.  5.117323E-12
  37625.  5.091114E-12
  37675.  5.065069E-12
  37725.  5.039194E-12
  37775.  5.013484E-12
  37825.  4.987938E-12
  37875.  4.962555E-12
  37925.  4.937334E-12
  37975.  4.912272E-12
  38025.  4.887371E-12
  38075.  4.862627E-12
  38125.  4.838040E-12
  38175.  4.813607E-12
  38225.  4.789331E-12
  38275.  4.765205E-12
  38325.  4.741230E-12
  38375.  4.717407E-12
  38425.  4.693733E-12
  38475.  4.670208E-12
  38525.  4.646829E-12
  38575.  4.623595E-12
  38625.  4.600506E-12
  38675.  4.577561E-12
  38725.  4.554758E-12
  38775.  4.532096E-12
  38825.  4.509575E-12
  38875.  4.487191E-12
  38925.  4.464945E-12
  38975.  4.442836E-12
  39025.  4.420863E-12
  39075.  4.399025E-12
  39125.  4.377321E-12
  39175.  4.355749E-12
  39225.  4.334309E-12
  39275.  4.312998E-12
  39325.  4.291816E-12
  39375.  4.270765E-12
  39425.  4.249840E-12
  39475.  4.229041E-12
  39525.  4.208368E-12
  39575.  4.187818E-12
  39625.  4.167393E-12
  39675.  4.147090E-12
  39725.  4.126909E-12
  39775.  4.106847E-12
  39825.  4.086907E-12
  39875.  4.067085E-12
  39925.  4.047380E-12
  39975.  4.027793E-12
  40025.  4.008323E-12
  40075.  3.988968E-12
  40125.  3.969733E-12
  40175.  3.950612E-12
  40225.  3.931606E-12
  40275.  3.912716E-12
  40325.  3.893939E-12
  40375.  3.875275E-12
  40425.  3.856724E-12
  40475.  3.838282E-12
  40525.  3.819951E-12
  40575.  3.801732E-12
  40625.  3.783621E-12
  40675.  3.765617E-12
  40725.  3.747722E-12
  40775.  3.729933E-12
  40825.  3.712250E-12
  40875.  3.694673E-12
  40925.  3.677199E-12
  40975.  3.659829E-12
  41025.  3.642562E-12
  41075.  3.625398E-12
  41125.  3.608335E-12
  41175.  3.591373E-12
  41225.  3.574512E-12
  41275.  3.557750E-12
  41325.  3.541085E-12
  41375.  3.524518E-12
  41425.  3.508051E-12
  41475.  3.491678E-12
  41525.  3.475403E-12
  41575.  3.459222E-12
  41625.  3.443136E-12
  41675.  3.427144E-12
  41725.  3.411244E-12
  41775.  3.395438E-12
  41825.  3.379724E-12
  41875.  3.364101E-12
  41925.  3.348569E-12
  41975.  3.333125E-12
  42025.  3.317773E-12
  42075.  3.302509E-12
  42125.  3.287333E-12
  42175.  3.272243E-12
  42225.  3.257242E-12
  42275.  3.242326E-12
  42325.  3.227496E-12
  42375.  3.212752E-12
  42425.  3.198092E-12
  42475.  3.183514E-12
  42525.  3.169021E-12
  42575.  3.154610E-12
  42625.  3.140282E-12
  42675.  3.126035E-12
  42725.  3.111869E-12
  42775.  3.097783E-12
  42825.  3.083777E-12
  42875.  3.069851E-12
  42925.  3.056002E-12
  42975.  3.042233E-12
  43025.  3.028541E-12
  43075.  3.014926E-12
  43125.  3.001388E-12
  43175.  2.987926E-12
  43225.  2.974538E-12
  43275.  2.961226E-12
  43325.  2.947988E-12
  43375.  2.934825E-12
  43425.  2.921734E-12
  43475.  2.908716E-12
  43525.  2.895772E-12
  43575.  2.882898E-12
  43625.  2.870097E-12
  43675.  2.857365E-12
  43725.  2.844705E-12
  43775.  2.832113E-12
  43825.  2.819592E-12
  43875.  2.807140E-12
  43925.  2.794755E-12
  43975.  2.782440E-12
  44025.  2.770191E-12
  44075.  2.758009E-12
  44125.  2.745893E-12
  44175.  2.733845E-12
  44225.  2.721862E-12
  44275.  2.709944E-12
  44325.  2.698091E-12
  44375.  2.686301E-12
  44425.  2.674576E-12
  44475.  2.662915E-12
  44525.  2.651316E-12
  44575.  2.639779E-12
  44625.  2.628305E-12
  44675.  2.616892E-12
  44725.  2.605542E-12
  44775.  2.594252E-12
  44825.  2.583021E-12
  44875.  2.571852E-12
  44925.  2.560741E-12
  44975.  2.549690E-12
  45025.  2.538698E-12
  45075.  2.527765E-12
  45125.  2.516891E-12
  45175.  2.506075E-12
  45225.  2.495318E-12
  45275.  2.484618E-12
  45325.  2.473976E-12
  45375.  2.463391E-12
  45425.  2.452862E-12
  45475.  2.442390E-12
  45525.  2.431974E-12
  45575.  2.421614E-12
  45625.  2.411308E-12
  45675.  2.401059E-12
  45725.  2.390863E-12
  45775.  2.380721E-12
  45825.  2.370634E-12
  45875.  2.360600E-12
  45925.  2.350619E-12
  45975.  2.340691E-12
  46025.  2.330816E-12
  46075.  2.320993E-12
  46125.  2.311223E-12
  46175.  2.301503E-12
  46225.  2.291834E-12
  46275.  2.282217E-12
  46325.  2.272651E-12
  46375.  2.263135E-12
  46425.  2.253668E-12
  46475.  2.244252E-12
  46525.  2.234884E-12
  46575.  2.225566E-12
  46625.  2.216297E-12
  46675.  2.207075E-12
  46725.  2.197902E-12
  46775.  2.188777E-12
  46825.  2.179700E-12
  46875.  2.170669E-12
  46925.  2.161686E-12
  46975.  2.152748E-12
  47025.  2.143858E-12
  47075.  2.135014E-12
  47125.  2.126214E-12
  47175.  2.117461E-12
  47225.  2.108753E-12
  47275.  2.100090E-12
  47325.  2.091471E-12
  47375.  2.082897E-12
  47425.  2.074367E-12
  47475.  2.065880E-12
  47525.  2.057437E-12
  47575.  2.049037E-12
  47625.  2.040680E-12
  47675.  2.032366E-12
  47725.  2.024095E-12
  47775.  2.015865E-12
  47825.  2.007677E-12
  47875.  1.999531E-12
  47925.  1.991426E-12
  47975.  1.983363E-12
  48025.  1.975340E-12
  48075.  1.967358E-12
  48125.  1.959416E-12
  48175.  1.951514E-12
  48225.  1.943653E-12
  48275.  1.935830E-12
  48325.  1.928047E-12
  48375.  1.920304E-12
  48425.  1.912598E-12
  48475.  1.904932E-12
  48525.  1.897303E-12
  48575.  1.889714E-12
  48625.  1.882162E-12
  48675.  1.874647E-12
  48725.  1.867170E-12
  48775.  1.859730E-12
  48825.  1.852327E-12
  48875.  1.844961E-12
  48925.  1.837632E-12
  48975.  1.830338E-12
  49025.  1.823081E-12
  49075.  1.815859E-12
  49125.  1.808673E-12
  49175.  1.801523E-12
  49225.  1.794408E-12
  49275.  1.787327E-12
  49325.  1.780282E-12
  49375.  1.773270E-12
  49425.  1.766293E-12
  49475.  1.759350E-12
  49525.  1.752442E-12
  49575.  1.745567E-12
  49625.  1.738725E-12
  49675.  1.731916E-12
  49725.  1.725141E-12
  49775.  1.718398E-12
  49825.  1.711688E-12
  49875.  1.705010E-12
  49925.  1.698365E-12
  49975.  1.691751E-12
  50025.  1.685170E-12
  50075.  1.678622E-12
  50125.  1.672104E-12
  50175.  1.665618E-12
  50225.  1.659164E-12
  50275.  1.652740E-12
  50325.  1.646349E-12
  50375.  1.639988E-12
  50425.  1.633658E-12
  50475.  1.627359E-12
  50525.  1.621089E-12
  50575.  1.614851E-12
  50625.  1.608642E-12
  50675.  1.602464E-12
  50725.  1.596314E-12
  50775.  1.590195E-12
  50825.  1.584106E-12
  50875.  1.578044E-12
  50925.  1.572013E-12
  50975.  1.566010E-12
  51025.  1.560036E-12
  51075.  1.554090E-12
  51125.  1.548174E-12
  51175.  1.542285E-12
  51225.  1.536424E-12
  51275.  1.530591E-12
  51325.  1.524786E-12
  51375.  1.519008E-12
  51425.  1.513258E-12
  51475.  1.507536E-12
  51525.  1.501839E-12
  51575.  1.496171E-12
  51625.  1.490529E-12
  51675.  1.484914E-12
  51725.  1.479325E-12
  51775.  1.473763E-12
  51825.  1.468226E-12
  51875.  1.462716E-12
  51925.  1.457232E-12
  51975.  1.451773E-12
  52025.  1.446340E-12
  52075.  1.440933E-12
  52125.  1.435550E-12
  52175.  1.430193E-12
  52225.  1.424861E-12
  52275.  1.419554E-12
  52325.  1.414272E-12
  52375.  1.409014E-12
  52425.  1.403781E-12
  52475.  1.398571E-12
  52525.  1.393386E-12
  52575.  1.388226E-12
  52625.  1.383089E-12
  52675.  1.377975E-12
  52725.  1.372886E-12
  52775.  1.367819E-12
  52825.  1.362777E-12
  52875.  1.357757E-12
  52925.  1.352761E-12
  52975.  1.347787E-12
  53025.  1.342836E-12
  53075.  1.337908E-12
  53125.  1.333003E-12
  53175.  1.328120E-12
  53225.  1.323259E-12
  53275.  1.318420E-12
  53325.  1.313604E-12
  53375.  1.308809E-12
  53425.  1.304037E-12
  53475.  1.299285E-12
  53525.  1.294556E-12
  53575.  1.289847E-12
  53625.  1.285161E-12
  53675.  1.280495E-12
  53725.  1.275851E-12
  53775.  1.271227E-12
  53825.  1.266624E-12
  53875.  1.262042E-12
  53925.  1.257480E-12
  53975.  1.252939E-12
  54025.  1.248418E-12
  54075.  1.243918E-12
  54125.  1.239438E-12
  54175.  1.234977E-12
  54225.  1.230537E-12
  54275.  1.226117E-12
  54325.  1.221716E-12
  54375.  1.217335E-12
  54425.  1.212972E-12
  54475.  1.208630E-12
  54525.  1.204307E-12
  54575.  1.200002E-12
  54625.  1.195718E-12
  54675.  1.191451E-12
  54725.  1.187204E-12
  54775.  1.182975E-12
  54825.  1.178765E-12
  54875.  1.174574E-12
  54925.  1.170400E-12
  54975.  1.166245E-12
  55025.  1.162109E-12
  55075.  1.157996E-12
  55125.  1.153906E-12
  55175.  1.149839E-12
  55225.  1.145793E-12
  55275.  1.141770E-12
  55325.  1.137769E-12
  55375.  1.133790E-12
  55425.  1.129831E-12
  55475.  1.125894E-12
  55525.  1.121977E-12
  55575.  1.118080E-12
  55625.  1.114203E-12
  55675.  1.110346E-12
  55725.  1.106509E-12
  55775.  1.102690E-12
  55825.  1.098891E-12
  55875.  1.095110E-12
  55925.  1.091348E-12
  55975.  1.087604E-12
  56025.  1.083878E-12
  56075.  1.080169E-12
  56125.  1.076478E-12
  56175.  1.072804E-12
  56225.  1.069147E-12
  56275.  1.065507E-12
  56325.  1.061883E-12
  56375.  1.058275E-12
  56425.  1.054684E-12
  56475.  1.051108E-12
  56525.  1.047549E-12
  56575.  1.044004E-12
  56625.  1.040474E-12
  56675.  1.036960E-12
  56725.  1.033460E-12
  56775.  1.029975E-12
  56825.  1.026505E-12
  56875.  1.023048E-12
  56925.  1.019606E-12
  56975.  1.016177E-12
  57025.  1.012762E-12
  57075.  1.009360E-12
  57125.  1.005972E-12
  57175.  1.002597E-12
  57225.  9.992344E-13
  57275.  9.958846E-13
  57325.  9.925474E-13
  57375.  9.892225E-13
  57425.  9.859098E-13
  57475.  9.826092E-13
  57525.  9.793205E-13
  57575.  9.760435E-13
  57625.  9.727776E-13
  57675.  9.695235E-13
  57725.  9.662807E-13
  57775.  9.630483E-13
  57825.  9.598272E-13
  57875.  9.566169E-13
  57925.  9.534170E-13
  57975.  9.502276E-13
  58025.  9.470484E-13
  58075.  9.438792E-13
  58125.  9.407199E-13
  58175.  9.375709E-13
  58225.  9.344314E-13
  58275.  9.313010E-13
  58325.  9.281803E-13
  58375.  9.250689E-13
  58425.  9.219664E-13
  58475.  9.188727E-13
  58525.  9.157883E-13
  58575.  9.127123E-13
  58625.  9.096450E-13
  58675.  9.065858E-13
  58725.  9.035350E-13
  58775.  9.004924E-13
  58825.  8.974579E-13
  58875.  8.944311E-13
  58925.  8.914119E-13
  58975.  8.884007E-13
  59025.  8.853966E-13
  59075.  8.823998E-13
  59125.  8.794105E-13
  59175.  8.764278E-13
  59225.  8.734526E-13
  59275.  8.704839E-13
  59325.  8.675220E-13
  59375.  8.645668E-13
  59425.  8.616180E-13
  59475.  8.586754E-13
  59525.  8.557389E-13
  59575.  8.528087E-13
  59625.  8.498842E-13
  59675.  8.469658E-13
  59725.  8.440529E-13
  59775.  8.411457E-13
  59825.  8.382438E-13
  59875.  8.353474E-13
  59925.  8.324561E-13
  59975.  8.295699E-13
